1879161975
  1879178992
1879238481
  1879157752
  1879158107
  1879226092
  1879159790
  1879162619
  1879209658
  1879162646
  1879159240
  1879208174
  1879202440
  1879202441
  1879202439
  1879173661
  1879173662
  1879163850
  1879175326
  1879173664
  1879182644
1879414343
1879367049
1879383569
1879385378
1879385377
1879385103
  1879385104
1879174915
  1879174920
    1879174908
      1879174916
1879174922
  1879174914
    1879174912
      1879174918
1879174906
  1879174923
    1879174909
      1879174910
1879174927
  1879174926
    1879174907
      1879174929
1879174925
  1879174919
    1879174917
      1879174924
1879174911
  1879174921
    1879174928
      1879174913
1879175114
  1879175126
    1879175119
    1879175096
    1879175116
  1879175094
    1879175108
    1879175101
    1879175117
  1879175102
    1879175113
    1879175111
    1879175106
  1879175125
    1879175128
    1879175124
    1879175099
  1879175110
    1879175127
    1879175122
    1879175115
  1879175104
    1879175121
    1879175105
    1879175103
  1879175123
    1879175130
    1879175100
    1879175098
  1879175118
    1879175109
    1879175129
    1879175095
1879337427
  1879337423
  1879337425
  1879337421
1879161085
  1879161109
1879161053
  1879161158
1879161034
  1879161194
1879161087
  1879161195
1879161180
  1879161177
1879161094
  1879161048
1879161173
  1879161144
1879161063
  1879161110
1879161146
  1879161114
1879161093
  1879161125
1879176139
  1879176150
1879176136
  1879176134
1879161068
  1879161041
1879161183
  1879161061
1879161106
  1879161101
1879161143
  1879161138
1879161056
  1879161132
1879161083
  1879161088
1879161136
  1879161166
1879161037
  1879161139
1879161193
  1879161100
1879184310
  1879184309
1879161058
  1879161150
1879161121
  1879161067
1879161152
  1879161135
1879176149
  1879176144
1879161176
  1879161111
1879161145
  1879161030
1879161191
  1879161046
1879161660
1879161168
  1879161060
1879161154
  1879161188
1879161047
  1879161178
1879161187
  1879161137
1879161103
  1879161120
1879161170
  1879161040
1879161174
  1879161045
1879176147
  1879176131
1879161074
  1879161052
1879161189
  1879161181
1879161072
  1879161163
1879161186
  1879161108
1879161134
  1879161118
1879190318
1879190348
1879190349
  1879190166
1879210256
1879206148
  1879206123
  1879206145
  1879206121
  1879206101
1879415754
1879415751
1879415753
1879234025
  1879234024
    1879234023
1879234022
  1879234017
  1879234018
  1879234020
  1879234019
1879188607
1879188619
1879188613
1879201689
  1879201688
    1879201687
      1879204078
1879415645
1879415647
1879415648
1879173476
  1879173576
    1879114588
    1879114556
      1879114587
    1879114565
      1879114573
    1879114566
      1879114569
        1879114563
    1879114558
      1879114576
    1879114580
    1879114560
      1879114574
    1879114551
  1879173582
    1879114260
    1879114261
    1879114246
    1879114245
      1879114244
    1879114239
      1879114238
        1879114237
    1879114241
      1879114240
    1879114243
      1879114242
  1879173583
    1879114750
      1879114749
    1879114747
    1879114748
    1879114752
      1879114751
    1879114754
      1879114753
1879384896
1879384897
1879189792
  1879185328
1879188857
1879189686
1879189703
1879384904
1879384903
1879145444
  1879145430
    1879145429
    1879145428
    1879145427
  1879145432
    1879145431
  1879145434
    1879145433
  1879145438
    1879145437
  1879145440
    1879145439
  1879145441
  1879145442
  1879145443
1879145436
  1879145435
1879188417
1879188445
1879415752
1879415644
1879146136
  1879146139
    1879146138
  1879146127
    1879146126
  1879146137
1879173477
  1879147164
    1879147165
    1879147166
    1879147168
      1879147167
  1879147152
    1879147151
    1879147153
    1879147155
    1879147157
      1879147156
    1879147159
      1879147158
    1879147161
      1879147160
    1879147163
      1879147162
    1879147154
  1879147172
    1879147173
      1879147169
      1879147175
      1879147176
      1879147178
        1879147177
      1879147180
        1879147179
      1879147182
        1879147181
      1879147184
        1879147183
    1879147170
      1879147171
      1879147174
      1879147186
        1879147185
      1879147188
        1879147187
  1879147821
    1879147823
    1879147822
    1879147829
      1879147828
    1879147827
      1879147826
    1879147825
      1879147824
  1879147026
    1879147024
      1879147011
      1879147010
      1879147015
        1879147014
      1879147013
        1879147012
      1879147017
        1879147016
    1879147025
      1879147019
      1879147021
        1879147020
      1879147023
        1879147022
      1879147018
1879173475
  1879150852
    1879150858
    1879150853
    1879150860
      1879150859
    1879150862
      1879150861
  1879150854
    1879150863
    1879150865
      1879150864
    1879150867
      1879150866
    1879150869
      1879150868
    1879150855
  1879152742
    1879152741
    1879152743
    1879152745
      1879152744
  1879150857
    1879150856
    1879150870
    1879150872
      1879150871
1879163169
  1879163173
    1879163162
    1879163175
    1879163179
  1879163177
    1879163172
    1879163165
  1879163167
    1879163166
    1879163170
    1879163176
  1879163163
    1879163181
    1879163174
    1879163154
    1879163164
1879163168
  1879163178
  1879163171
1879391027
1879224942
  1879198665
  1879201577
    1879201491
      1879205935
    1879201570
  1879196954
    1879196953
      1879205934
    1879196955
  1879205776
    1879201450
    1879201468
    1879201469
    1879201162
      1879201752
    1879201467
  1879201601
    1879201589
      1879205339
    1879201587
  1879205378
    1879205369
      1879205361
      1879205363
      1879205365
        1879198835
    1879205368
      1879205362
      1879205364
      1879205366
    1879205372
    1879205373
    1879205376
    1879205371
    1879205374
    1879205375
1879197557
1879205410
1879391028
1879228097
  1879227965
1879226616
  1879226083
  1879226101
  1879226615
1879228031
1879227974
1879227895
1879227972
1879227973
1879228036
1879228033
1879228034
1879228035
1879227845
  1879227844
  1879227846
1879227847
1879227741
  1879227701
    1879227678
    1879227680
    1879227685
    1879227683
    1879227688
  1879227730
    1879227679
    1879227681
    1879227684
    1879227682
    1879227687
  1879227755
  1879227754
  1879227753
  1879227752
  1879227756
1879227899
1879214993
  1879214991
    1879205933
  1879214992
  1879214994
1879227905
1879260394
  1879259433
    1879259399
    1879259428
    1879259646
    1879259429
  1879259230
    1879259231
    1879259229
    1879259233
  1879259049
    1879259021
    1879259024
    1879259025
  1879260392
    1879260343
    1879260344
    1879260349
  1879260284
    1879260281
    1879260283
    1879260286
  1879260393
    1879260346
    1879260347
    1879260350
  1879260391
    1879260348
    1879260345
    1879260351
1879265378
1879265377
1879265379
1879324365
  1879324361
  1879324362
  1879324363
  1879324364
1879324347
  1879324348
  1879324350
  1879324349
1879323535
  1879323532
  1879323533
  1879323531
  1879323534
1879331069
  1879331070
  1879331068
  1879331071
1879330606
  1879330608
  1879330607
  1879330602
1879331046
  1879331048
  1879331047
  1879331612
  1879331049
1879334086
  1879334077
    1879334065
    1879334067
    1879334069
    1879334071
    1879334074
    1879334075
  1879334078
    1879334066
    1879334068
    1879334070
    1879334072
    1879334073
    1879334076
  1879334085
    1879334079
    1879334080
    1879334082
    1879334083
    1879334084
    1879334081
1879339420
1879334087
1879359528
  1879359533
    1879358607
  1879359531
  1879359527
  1879359550
  1879359544
  1879359545
  1879359551
1879358717
  1879358712
    1879358605
  1879358718
  1879358724
  1879358721
  1879358728
  1879358720
  1879358725
1879358736
  1879358734
    1879358731
      1879358606
    1879358761
    1879358762
  1879358737
    1879358730
    1879358758
    1879358759
  1879358735
    1879358729
    1879358757
    1879358760
1879358733
1879360892
1879358732
1879370399
1879369586
  1879369595
    1879369602
  1879369574
  1879369581
  1879369588
  1879369590
1879375471
1879369584
  1879369591
    1879369597
  1879369589
  1879369594
  1879369576
  1879369578
1879381858
  1879382770
  1879381822
  1879381826
  1879381827
  1879381828
1879381852
  1879381862
  1879381864
  1879381854
  1879381855
1879381849
  1879381856
  1879381860
  1879381848
  1879381850
1879370352
  1879370341
  1879370350
  1879370226
    1879370099
  1879370340
  1879370339
1879370342
1879369573
1879369599
1879381846
1879381866
1879370376
1879398015
  1879390927
    1879390867
      1879390878
    1879390909
    1879390902
    1879390926
    1879390923
  1879390924
    1879390884
      1879390894
    1879390887
    1879390879
    1879390925
  1879396402
    1879396184
    1879396177
    1879396179
    1879396174
  1879397734
    1879396175
      1879397309
    1879396182
    1879396180
    1879396183
    1879397310
  1879395726
    1879395722
      1879395598
    1879395724
    1879395725
    1879395720
    1879395723
  1879398967
    1879398964
      1879394456
    1879398966
    1879398968
    1879398960
    1879398970
  1879398116
    1879398118
    1879398114
    1879398113
1879402761
  1879402760
    1879402705
      1879394460
    1879402717
    1879402708
    1879402716
    1879402712
  1879402758
    1879402706
    1879402723
    1879402714
    1879402711
    1879402709
  1879402759
    1879402707
    1879402722
    1879402715
    1879402713
    1879402710
1879407030
1879407031
1879402729
1879390903
1879396173
1879390886
1879396185
1879395721
1879398969
1879398112
1879402727
1879402728
1879411191
  1879411178
    1879411151
  1879411186
  1879411187
  1879411188
  1879411190
  1879411184
  1879411185
1879409925
  1879409928
  1879409918
1879409931
  1879409915
  1879409907
1879409906
  1879409919
  1879409910
1879409909
  1879409908
  1879409926
1879409914
  1879409911
  1879409932
1879411189
1879414712
1879409917
1879409924
1879409929
1879115029
1879206842
1879115020
1879110873
1879115023
1879364959
1879071804
  1879071803
    1879071802
      1879071801
        1879071800
          1879071799
            1879071798
1879071809
  1879071808
    1879071807
      1879071806
        1879071805
1879071814
  1879071813
    1879071812
      1879071811
        1879071810
1879071819
  1879071818
    1879071817
      1879071816
        1879071815
1879071824
  1879071823
    1879071822
      1879071821
        1879071820
1879071829
  1879071828
    1879071827
      1879071826
        1879071825
1879071834
  1879071833
    1879071832
      1879071831
        1879071830
1879071835
1879071836
1879071837
1879071838
1879326392
1879326410
1879326396
1879326399
1879326404
1879326401
1879326398
1879317545
  1879317535
  1879317522
  1879317520
1879277103
  1879277428
  1879277433
  1879277430
1879277131
  1879277397
  1879277408
  1879277404
1879277152
  1879277362
  1879277351
  1879277355
1879277168
  1879278725
  1879278722
  1879278724
1879277181
  1879277238
  1879277260
  1879277241
1879277196
  1879277263
  1879277281
  1879277282
1879277212
  1879277338
  1879277339
  1879277341
1879277217
  1879278934
  1879278937
  1879278938
1879277230
  1879277320
  1879277318
  1879277322
1879317536
  1879317527
  1879317517
  1879317546
1879277105
  1879277425
  1879277431
  1879277427
1879277134
  1879277400
  1879277410
  1879277407
1879277154
  1879277359
  1879277371
  1879277352
1879277164
  1879278723
  1879278726
  1879277242
1879277185
  1879277261
  1879277259
  1879277262
1879277190
  1879277253
  1879277277
  1879277254
1879277210
  1879277343
  1879277345
  1879277349
1879277224
  1879278936
  1879278933
  1879278935
1879277237
  1879277323
  1879277321
  1879277325
1879317540
  1879317534
  1879317529
1879277104
  1879277435
  1879277421
1879277132
  1879277403
  1879277413
1879277156
  1879277357
  1879277361
1879277165
  1879277244
  1879278824
1879277183
  1879277272
  1879277273
1879277197
  1879277275
  1879277256
1879277216
  1879277348
  1879277330
1879277223
  1879278959
  1879278960
1879277235
  1879277324
  1879277327
1879317528
  1879317539
  1879317525
  1879317523
1879277114
  1879277432
  1879277418
  1879277434
1879277137
  1879277406
  1879277415
  1879277412
1879277158
  1879277365
  1879277354
  1879277358
1879277166
  1879277269
  1879277266
  1879277267
1879277188
  1879277289
  1879277294
  1879277292
1879277192
  1879277287
  1879277283
  1879277285
1879277214
  1879277332
  1879277334
  1879277336
1879277222
  1879278964
  1879278961
  1879278962
1879277233
  1879277328
  1879277326
  1879277308
1879317532
  1879317531
  1879317519
1879277113
  1879277420
  1879277424
1879277136
  1879277409
  1879277396
1879277159
  1879277372
  1879277363
1879277167
  1879278821
  1879277243
1879277186
  1879277290
  1879277297
1879277191
  1879277278
  1879277280
1879277213
  1879277337
  1879277340
1879277221
  1879278963
  1879278965
1879277231
  1879277250
  1879277310
1879317538
  1879317521
  1879317544
  1879317541
1879277116
  1879277417
  1879277422
  1879277419
1879277135
  1879277411
  1879277399
  1879277395
1879277153
  1879277369
  1879277360
  1879277364
1879277169
  1879278820
  1879277271
  1879277264
1879277184
  1879277291
  1879277299
  1879277296
1879277194
  1879277279
  1879277274
  1879277276
1879277211
  1879277342
  1879277344
  1879277346
1879277220
  1879278958
  1879278957
  1879278970
1879277236
  1879277311
  1879277309
  1879277313
1879317542
  1879317518
  1879317537
  1879317533
1879277115
  1879277423
  1879277429
  1879277426
1879277133
  1879277414
  1879277402
  1879277398
1879277155
  1879277356
  1879277367
  1879277370
1879277178
  1879277270
  1879278823
  1879278825
1879277182
  1879277293
  1879277251
  1879277298
1879277193
  1879277257
  1879277258
  1879277255
1879277209
  1879277347
  1879277350
  1879277329
1879277219
  1879278974
  1879278971
  1879278972
1879277234
  1879277314
  1879277312
  1879277316
1879317530
  1879317543
  1879317524
1879277112
  1879277436
  1879277438
  1879277437
1879277138
  1879277394
  1879277405
  1879277401
1879277157
  1879277353
  1879277366
  1879277368
1879277179
  1879277268
  1879277265
  1879278822
1879277187
  1879277295
  1879277300
  1879277307
1879277195
  1879277288
  1879277284
  1879277286
1879277215
  1879277331
  1879277333
  1879277335
1879277218
  1879278976
  1879278973
  1879278975
1879277232
  1879277317
  1879277315
  1879277319
1879316455
  1879316456
    1879316457
      1879316458
1879316232
1879316234
1879316233
1879048704
1879048703
1879048705
1879139435
1879139436
1879053014
1879053012
1879053013
1879139438
1879139439
1879059841
1879059840
1879059839
1879139441
1879139442
1879060152
1879060151
1879060153
1879139444
1879139445
1879052485
1879052487
1879052486
1879139448
1879139447
1879048670
1879048669
1879048666
1879139450
1879139451
1879048690
1879048691
1879048692
1879139453
1879139454
1879101824
1879101825
1879144730
1879144732
1879144731
1879139457
1879144733
1879144734
1879144735
1879139459
1879139460
1879302974
1879302976
1879204654
1879204609
1879204640
1879204655
1879204657
1879204652
1879204656
1879317097
  1879317098
    1879317099
1879317095
  1879317093
    1879317092
1879317096
  1879317091
1879073588
  1879073587
    1879073586
1879073591
  1879073590
    1879073589
1879073593
  1879073592
1879073551
  1879073550
    1879073549
1879073554
  1879073553
    1879073552
1879073556
  1879073555
1879346402
  1879346400
    1879346409
1879346403
  1879346407
1879346410
1879073462
  1879073461
    1879073460
1879073465
  1879073464
    1879073463
1879073467
  1879073466
1879073508
  1879073507
    1879073506
1879073511
  1879073510
    1879073509
1879073513
  1879073512
1879391259
  1879391258
    1879391257
1879391038
  1879391037
1879391255
1879071626
1879071627
1879071628
1879071631
1879071632
1879071629
1879071633
1879071634
1879071635
1879071636
1879071637
1879071638
1879071639
1879071630
1879071640
1879071641
1879071642
1879071643
1879152523
1879071644
1879071645
1879304082
1879071650
  1879071649
    1879071648
      1879071647
        1879071646
1879344427
1879227049
  1879226986
  1879226852
  1879226987
  1879226988
  1879226989
  1879226990
1879342595
  1879342588
  1879342585
  1879342587
1879342593
1879367200
1879368683
1879162041
1879162042
1879418897
1879418901
1879408587
1879408586
1879407598
  1879407599
    1879407597
1879408983
1879408919
1879206840
  1879185390
  1879206838
  1879206839
1879208731
1879208730
1879208715
1879208729
1879208714
1879208716
1879226630
  1879226454
  1879226620
  1879226621
  1879223771
  1879226558
1879223830
1879226559
1879223831
1879223828
1879223832
1879223829
1879159326
1879368078
1879368769
1879368771
1879368770
1879283004
1879217542
1879217541
1879217537
1879217540
1879217538
1879217539
1879210649
1879191253
1879380513
1879381431
  1879381430
    1879381429
1879381433
  1879381434
    1879381432
1879371703
  1879371704
    1879370524
1879199422
1879302699
  1879286631
    1879200621
    1879200620
    1879200619
  1879200239
  1879200234
  1879200164
    1879200166
      1879200165
  1879200163
    1879200162
      1879200161
1879199417
1879199421
1879199980
1879257047
  1879257046
    1879257048
1879226367
1879217532
1879217534
1879217533
1879217536
1879217535
1879414454
1879385054
1879382901
1879382897
1879404512
1879184300
1879184301
1879184302
1879184303
1879184304
1879182340
1879210647
1879153207
1879182327
  1879182332
1879414344
1879414345
1879210648
1879406772
1879406771
1879406774
1879406769
1879406773
1879406770
1879418933
1879418934
1879418935
1879418936
1879418937
1879418938
1879418939
1879418940
1879183074
  1879183073
    1879183072
      1879183071
        1879185930
1879185460
1879107892
  1879107893
    1879107439
1879185461
1879107438
1879150943
1879115232
1879222054
1879267993
1879206037
1879206033
1879094069
1879303569
1879338183
1879321690
  1879321691
    1879321692
1879344719
1879344716
1879344628
1879344637
1879344639
1879344638
1879361988
1879361998
1879344635
1879344636
1879361999
1879210593
1879344634
1879361995
1879381843
1879381844
1879381845
1879381882
1879383612
1879381842
1879385678
1879385683
1879385676
1879385682
1879389217
1879389219
1879389215
1879389221
1879394297
1879389216
1879389220
1879403957
1879403958
1879403960
1879403959
1879409576
1879409575
1879409573
1879413851
1879413852
1879413853
1879413850
1879418558
1879418565
1879418566
1879418568
1879303873
1879153304
1879161685
1879163927
1879355930
1879397777
1879114138
  1879114137
    1879114136
      1879114135
1879279182
  1879279184
    1879279183
1879326383
1879326065
1879327466
1879326643
1879326644
1879326645
1879326646
1879326647
1879326648
1879326649
1879326531
1879326650
1879326651
1879326652
1879327458
1879326653
1879326654
1879326655
1879326656
1879326657
1879326658
1879326659
1879326660
1879327464
1879326661
1879326662
1879326663
1879326664
1879326665
1879326666
1879326667
1879326668
1879326669
1879326670
1879353104
1879353101
1879361989
1879361993
1879361997
1879362010
1879362011
1879361994
1879362013
1879361990
1879361991
1879362003
1879361992
1879361996
1879101991
  1879086558
1879166831
  1879152683
    1879152682
    1879139434
    1879139437
    1879139440
    1879139443
    1879139446
    1879139449
    1879139452
    1879139455
    1879139458
1879183122
1879183142
  1879206112
  1879229954
1879254086
1879267762
1879267761
1879284573
1879305678
1879309822
1879408378
1879408375
1879354067
1879365416
1879405718
1879366393
1879324024
1879297370
1879234462
1879234463
1879238494
1879197820
  1879197822
    1879197821
      1879197819
        1879197817
1879198514
1879198509
1879190400
  1879190399
    1879190398
      1879190397
1879190392
  1879190391
    1879190390
      1879190389
1879190364
  1879190363
    1879190362
      1879190361
1879305453
  1879305452
    1879305451
      1879305450
        1879305449
1879180379
  1879180378
    1879180377
      1879180376
1879190372
  1879190371
    1879190370
      1879190369
1879190360
  1879190359
    1879190358
      1879190357
1879190396
  1879190395
    1879190394
      1879190393
1879190368
  1879190367
    1879190366
      1879190365
1879190384
  1879190383
    1879190382
      1879190381
1879190388
  1879190387
    1879190386
      1879190385
1879190376
  1879190375
    1879190374
      1879190373
1879190380
  1879190379
    1879190378
      1879190377
1879190475
  1879190457
    1879190470
      1879190456
1879190492
  1879190476
    1879190489
      1879190471
1879190449
  1879190454
    1879190451
      1879190455
1879222238
  1879222237
    1879222236
      1879222235
1879233014
  1879233015
    1879233012
      1879233013
1879222242
  1879222240
    1879222241
      1879222243
1879258418
  1879258419
    1879258420
      1879258421
1879246620
  1879246619
    1879246618
      1879246617
1879246623
  1879246622
    1879246621
      1879246624
1879246632
  1879246631
    1879246630
      1879246629
1879246628
  1879246627
    1879246626
      1879246625
1879400834
  1879400836
    1879400832
      1879400833
1879400839
  1879400838
    1879400837
      1879400835
1879259466
  1879259464
    1879259465
      1879259463
1879259468
  1879259469
    1879259470
      1879259467
1879305674
  1879305673
    1879305671
      1879305672
1879271199
  1879271198
    1879271197
      1879271175
1879271203
  1879271202
    1879271201
      1879271200
1879306085
  1879306084
    1879306081
      1879306080
1879309582
1879309579
1879309580
1879309581
1879309583
1879309585
1879309586
1879309584
1879315506
  1879315507
    1879315505
      1879315504
1879315509
  1879315508
    1879315511
      1879315510
1879315513
  1879315512
    1879315515
      1879315514
1879314960
  1879314962
    1879314961
      1879314963
1879322628
  1879322631
    1879322630
      1879322629
1879330572
  1879330574
    1879330575
      1879326957
        1879326964
          1879326963
            1879326969
1879341962
  1879341963
    1879341960
      1879334732
        1879334731
          1879334730
            1879334729
1879341971
  1879341973
    1879341966
      1879341969
1879341967
  1879341970
    1879341964
      1879341965
1879341959
  1879341974
    1879341972
      1879341968
1879330570
  1879330576
    1879330573
      1879330571
1879345209
  1879345211
    1879345191
      1879345200
        1879345206
          1879345202
            1879345208
1879345197
1879345189
1879345204
1879363094
  1879363085
    1879363088
      1879363096
        1879363099
1879362492
  1879362485
    1879362494
      1879362491
1879362502
  1879362508
    1879362503
      1879362509
1879369250
  1879369251
    1879369246
      1879369248
1879386038
  1879386041
    1879386040
      1879386039
1879390727
  1879390722
    1879390724
1879390723
  1879390731
    1879390729
      1879390728
        1879390726
          1879390730
1879395389
  1879395392
    1879395390
      1879395388
        1879395387
          1879395382
            1879395394
              1879395391
                1879390725
1879406714
  1879406716
    1879406717
      1879406715
1879407822
  1879407821
    1879407824
      1879407823
1879409913
  1879409927
    1879409921
      1879409930
        1879409922
1879413219
  1879413221
    1879413214
      1879413220
1879413216
  1879413215
    1879413218
      1879413217
1879407709
  1879407711
    1879407713
      1879407714
        1879407719
          1879407720
            1879407705
              1879407706
1879407675
1879407710
  1879352006
    1879352021
      1879352026
        1879352030
          1879352005
            1879352010
              1879352014
                1879352018
                  1879352022
                    1879352027
                      1879352031
                        1879352002
                          1879352007
                            1879352011
                              1879352016
                                1879352019
                                  1879352024
                                    1879352029
                                      1879352004
                                        1879352009
                                          1879352013
                                            1879352020
                                              1879352025
                                                1879352012
                                                  1879352017
                                                    1879352003
                                                      1879352008
                                                        1879352023
                                                          1879352028
                                                            1879352015
  1879352084
    1879352037
      1879352079
        1879352046
          1879352089
            1879352057
              1879352100
                1879352068
                  1879352109
                    1879352078
                      1879352119
                        1879352118
                          1879352066
                            1879352036
                              1879352077
                                1879352043
                                  1879352088
                                    1879352054
                                      1879352095
                                        1879352064
                                          1879352106
                                            1879352097
                                              1879352055
                                                1879352087
                                                  1879352044
                                                    1879352116
                                                      1879352075
                                                        1879352107
                                                          1879352065
                                                            1879352042
  1879352058
    1879352113
      1879352061
        1879352104
          1879352051
            1879352052
              1879352093
                1879352041
                  1879352085
                    1879352073
                      1879352114
                        1879352033
                          1879352074
                            1879352115
                              1879352062
                                1879352063
                                  1879352105
                                    1879352053
                                      1879352094
                                        1879352086
                                          1879352034
                                            1879352092
                                              1879352040
                                                1879352103
                                                  1879352049
                                                    1879352072
                                                      1879352112
                                                        1879352083
                                                          1879352032
                                                            1879352050
  1879352098
    1879352121
      1879352081
        1879352111
          1879352071
            1879352102
              1879352060
                1879352091
                  1879352048
                    1879352082
                      1879352039
                        1879352110
                          1879352069
                            1879352101
                              1879352059
                                1879352090
                                  1879352047
                                    1879352080
                                      1879352038
                                        1879352070
                                          1879352120
                                            1879352056
                                              1879352108
                                                1879352045
                                                  1879352099
                                                    1879352076
                                                      1879352035
                                                        1879352067
                                                          1879352117
                                                            1879352096
1879303221
  1879303220
    1879071670
    1879071671
    1879071672
    1879071673
    1879071674
    1879071675
  1879071678
    1879071677
      1879071676
  1879303203
    1879071699
      1879071698
    1879071701
      1879071700
    1879071703
      1879071702
    1879071705
      1879071704
    1879071707
      1879071706
    1879071709
      1879071708
    1879071711
      1879071710
    1879071713
      1879071712
1879093962
  1879093961
1879093964
  1879093963
1879093960
  1879093959
1879093958
1879414493
  1879414510
    1879414505
    1879414498
  1879414502
    1879414500
    1879414497
    1879414513
    1879414494
  1879414509
    1879414506
      1879414511
    1879414503
      1879414495
    1879414501
      1879414512
    1879414508
      1879414504
        1879414496
  1879414499
1879414507
1879210280
1879303548
  1879303443
    1879071668
    1879071669
  1879051515
    1879051519
      1879051521
  1879303323
    1879071739
      1879071738
    1879071741
      1879071740
    1879071743
      1879071742
    1879071745
      1879071744
    1879071747
      1879071746
    1879071749
      1879071748
  1879071685
  1879061177
  1879071839
1879303540
  1879303325
    1879071656
    1879071657
    1879071658
    1879071659
  1879071688
    1879071687
      1879071686
  1879303306
    1879071751
      1879071750
    1879071753
      1879071752
    1879071755
      1879071754
    1879071757
      1879071756
    1879071759
      1879071758
1879093968
  1879093967
1879093966
  1879093965
1879093971
  1879093970
1879093969
1879303545
  1879303331
    1879071664
    1879071665
    1879071666
    1879071667
  1879071681
    1879071680
      1879071679
  1879303320
    1879071715
      1879071714
    1879099330
      1879099329
    1879071717
      1879071716
    1879071719
      1879071718
    1879071721
      1879071720
    1879071723
      1879071722
    1879099332
      1879099331
    1879071725
      1879071724
1879303547
  1879303336
    1879071660
    1879071661
    1879071662
    1879071663
  1879071684
    1879071683
      1879071682
  1879303322
    1879071727
      1879071726
    1879071729
      1879071728
    1879071731
      1879071730
    1879071733
      1879071732
    1879071735
      1879071734
    1879071737
      1879071736
1879325778
1879325773
1879303549
  1879303444
    1879071654
    1879071655
    1879099041
  1879071694
    1879071693
      1879071692
  1879303324
    1879071787
      1879071786
    1879071789
      1879071788
    1879071791
      1879071790
    1879071793
      1879071792
    1879071795
      1879071794
    1879071797
      1879071796
1879418460
1879303546
  1879303332
    1879099039
    1879099040
    1879071651
    1879071652
    1879071653
    1879099095
  1879071697
    1879071696
      1879071695
  1879303321
    1879071775
      1879071774
    1879071779
      1879071778
    1879071783
      1879071782
    1879071785
      1879071784
1879071777
  1879071776
1879071781
  1879071780
1879321686
1879321683
1879303261
  1879303263
    1879115179
    1879089145
    1879089144
    1879089146
    1879115181
  1879086563
    1879086562
      1879086561
  1879303262
    1879115173
      1879115172
    1879115195
      1879115176
    1879115178
      1879115177
    1879086862
      1879086861
    1879086864
      1879086863
    1879086866
      1879086865
    1879086868
      1879086867
    1879086870
      1879086869
    1879086872
      1879086871
    1879086874
      1879086873
1879115180
  1879115175
    1879115174
1879325772
1879325781
1879303241
  1879303239
    1879084435
    1879085025
    1879085026
    1879103870
  1879071691
    1879071690
      1879071689
  1879303238
    1879071761
      1879071760
    1879071763
      1879071762
    1879071765
      1879071764
    1879071767
      1879071766
    1879071769
      1879071768
    1879071771
      1879071770
    1879071773
      1879071772
1879381567
1879321685
1879321682
1879303544
  1879303327
    1879109786
    1879109787
  1879109790
    1879109789
      1879109788
  1879303307
    1879109792
      1879109791
    1879109794
      1879109793
    1879109796
      1879109795
    1879109798
      1879109797
    1879109800
      1879109799
    1879109802
      1879109801
  1879110246
1879321687
1879321681
1879145249
  1879145248
  1879145250
  1879140605
  1879145251
  1879140609
    1879140608
      1879140607
        1879140606
  1879140611
    1879140610
  1879140613
    1879140612
  1879140615
    1879140614
  1879140616
  1879140618
    1879140617
  1879140620
    1879140619
1879145445
1879186733
1879190101
  1879190797
  1879190798
  1879190100
  1879190082
  1879190838
  1879190079
    1879190076
      1879190075
        1879190071
  1879190115
    1879190074
  1879190117
    1879190116
  1879190119
    1879190118
  1879190103
    1879190102
  1879190121
    1879190120
1879192932
  1879192931
1879192930
  1879192918
1879190866
1879190617
1879190796
1879220339
  1879220332
    1879220276
    1879220269
    1879220278
    1879220270
    1879220272
    1879220277
    1879220273
    1879220266
    1879220271
    1879220211
  1879220337
    1879221549
    1879220131
    1879220091
    1879220132
    1879220133
    1879220134
    1879220135
    1879220136
    1879220137
    1879220138
  1879220338
    1879220072
    1879220077
    1879217868
    1879220079
    1879220074
    1879220075
    1879220078
    1879220076
    1879220073
1879220081
1879220086
1879220080
1879220088
1879220083
1879220084
1879220087
1879220085
1879220082
1879233729
1879221718
1879152532
  1879152527
  1879152530
  1879152528
  1879152536
    1879152535
  1879152538
    1879152537
1879152648
  1879152647
    1879152646
1879154055
1879152534
1879150610
  1879150609
    1879150608
      1879150607
        1879150606
1879303585
  1879146848
    1879141031
    1879141032
    1879141033
    1879141034
    1879141035
    1879141036
    1879141037
    1879141038
    1879141039
    1879140051
    1879146845
    1879146846
    1879146847
  1879303580
    1879212368
    1879212363
    1879212365
    1879212367
    1879212360
    1879258223
    1879212366
    1879212361
    1879212362
    1879212364
    1879257566
  1879146868
    1879141041
      1879141040
    1879141043
      1879141042
    1879141045
      1879141044
    1879141047
      1879141046
    1879141049
      1879141048
    1879141051
      1879141050
    1879141053
      1879141052
    1879140056
      1879140055
    1879141055
      1879141054
    1879141059
      1879141058
    1879146850
      1879146849
  1879234464
1879141057
  1879141056
1879233007
1879152524
1879152525
1879149131
  1879149130
    1879149129
1879149134
  1879149133
    1879149132
1879149137
  1879149136
    1879149135
1879303885
  1879303628
    1879175386
    1879175387
    1879175388
  1879155757
    1879155756
      1879155755
  1879303876
    1879175135
      1879175134
    1879175137
      1879175136
    1879155759
      1879155758
    1879155761
      1879155760
    1879155763
      1879155762
    1879155767
      1879155766
1879165716
1879180571
1879165717
1879161641
1879325777
1879325782
1879303607
  1879230962
    1879230979
    1879231004
    1879230991
    1879230964
    1879230985
    1879231013
    1879230977
  1879231046
    1879231014
    1879231047
    1879231048
    1879231049
    1879231050
    1879231051
    1879231052
  1879303606
    1879231000
      1879230996
    1879230975
      1879230978
    1879230992
      1879231002
    1879231009
      1879231006
    1879230987
      1879230999
    1879231003
      1879230967
    1879230998
      1879230965
1879233865
1879230984
1879230981
1879231932
  1879231933
    1879231931
      1879231935
1879303886
  1879303629
    1879249136
    1879251703
    1879251713
    1879251711
    1879248618
    1879248759
    1879250651
    1879251724
    1879251765
    1879251696
    1879244108
  1879303882
    1879251695
    1879250126
    1879250125
    1879250123
    1879248099
    1879250127
    1879250124
  1879303877
    1879250023
      1879250019
    1879249655
      1879249651
    1879249696
      1879249695
    1879249662
      1879249661
    1879249693
      1879249694
    1879249656
      1879249010
    1879249733
      1879249732
    1879249731
      1879249730
    1879249660
      1879249659
    1879249708
      1879249707
1879254049
1879252537
1879256311
1879248360
  1879243291
  1879248359
  1879247701
  1879244231
1879239087
  1879238996
    1879238987
    1879238988
    1879238995
  1879238997
  1879238999
  1879239000
  1879239005
    1879239001
    1879239002
    1879239003
    1879239004
  1879239034
    1879239006
    1879239007
    1879239032
    1879239033
  1879239038
  1879239039
  1879239040
  1879239053
  1879239054
  1879239057
    1879239055
    1879239056
  1879239069
    1879239058
    1879239059
    1879239061
    1879239060
    1879239066
    1879239067
  1879239086
    1879239070
    1879239085
1879303888
  1879303838
    1879269261
    1879265473
    1879265487
    1879266925
    1879269245
    1879269260
    1879265516
    1879269256
    1879265472
    1879259563
  1879303884
    1879268120
    1879268121
    1879268124
    1879268122
    1879268123
  1879303878
    1879268190
      1879268183
    1879269216
      1879269210
    1879269215
      1879269207
    1879269214
      1879269211
    1879269212
      1879269209
    1879269213
      1879269208
1879269826
  1879269822
  1879269824
  1879269821
  1879269823
  1879269825
1879303887
  1879303785
    1879287721
    1879287715
    1879287717
    1879287722
    1879287729
  1879303883
    1879287742
    1879287731
    1879287732
    1879287741
    1879287743
  1879303881
    1879287759
      1879287758
    1879287753
      1879287752
    1879287747
      1879287748
    1879287764
      1879287765
    1879287746
      1879287744
    1879287751
      1879287750
    1879287754
      1879287756
    1879287762
      1879287763
    1879287749
      1879287745
    1879287755
      1879287757
    1879287760
      1879287761
  1879289171
1879303305
1879366148
  1879366137
    1879366145
    1879366146
    1879366144
    1879366160
    1879366154
    1879366159
  1879366156
    1879366141
    1879366147
    1879366139
    1879366402
  1879366162
    1879366158
      1879366151
    1879366164
      1879366153
    1879366140
      1879366155
    1879366157
      1879366150
    1879366166
      1879366138
1879366163
1879366957
1879378536
  1879378538
    1879378529
    1879378533
    1879378540
    1879378541
    1879378543
  1879378553
    1879378525
    1879378542
  1879378552
    1879378528
      1879378520
    1879378522
      1879378547
    1879378519
      1879378539
    1879378544
      1879378524
    1879378537
      1879378526
    1879378545
      1879378548
  1879378530
    1879378535
      1879378549
    1879378534
      1879378523
    1879378518
      1879378551
    1879378550
      1879378531
    1879378521
      1879378527
    1879378532
      1879378546
1879381420
  1879381423
    1879381425
1879387435
  1879387436
    1879387432
    1879387447
    1879387421
    1879387438
    1879387878
  1879387434
    1879387446
      1879387431
    1879387427
    1879384649
  1879387444
    1879387437
      1879387439
    1879387428
      1879387442
    1879387443
      1879387440
    1879387445
      1879387430
1879387441
  1879387433
1879387475
1879391336
1879384646
1879384644
  1879384638
1879387426
1879387429
1879388603
1879391335
1879391333
1879391337
1879405902
  1879405911
    1879405913
    1879405901
    1879405914
    1879405906
    1879405904
  1879405907
    1879405466
    1879405905
  1879405908
    1879405910
    1879405903
    1879405912
    1879405900
    1879405909
1879407108
1879407109
1879407110
1879407111
1879407112
1879405585
1879404948
1879406270
1879406308
1879406916
1879406915
1879406914
1879406913
1879411302
  1879411292
    1879411174
    1879408705
    1879408704
    1879411148
  1879411293
    1879411291
    1879411146
  1879411303
    1879411173
      1879411177
    1879411115
      1879411114
    1879411172
      1879411175
    1879411147
      1879411143
    1879411145
      1879411144
    1879411171
      1879411176
1879411335
1879411142
1879409789
1879413329
  1879413326
    1879413325
      1879413328
        1879413327
          1879413331
            1879413330
              1879413332
                1879413317
                  1879413316
1879312910
  1879312911
    1879312841
    1879312846
    1879312843
    1879312847
    1879312839
  1879312912
    1879312557
    1879312558
    1879312562
    1879312559
    1879312563
  1879312913
    1879312507
      1879312504
    1879312505
      1879312508
    1879312500
      1879312506
    1879312502
      1879312501
    1879312503
      1879306091
1879316154
1879321688
1879308520
1879310601
1879310599
1879310600
1879310602
1879310594
1879310658
1879310660
1879310603
1879316259
  1879316267
    1879316268
    1879316264
    1879316336
    1879316262
    1879316273
  1879316276
    1879315078
    1879315079
    1879315080
    1879316272
    1879316269
  1879316274
    1879316270
      1879316265
    1879316279
      1879316277
    1879316263
      1879316266
    1879316278
      1879316260
    1879316261
      1879316275
1879321689
1879323082
  1879323080
    1879323091
    1879323081
    1879323092
    1879323093
    1879323072
    1879323086
  1879323075
    1879323098
    1879323083
    1879323087
    1879323078
    1879323084
  1879323077
    1879323094
      1879323097
    1879323074
      1879323085
    1879323096
      1879323089
    1879323079
      1879323071
    1879323073
      1879323076
    1879323088
      1879323090
1879323060
1879323095
1879327992
  1879327982
    1879327950
    1879327944
    1879327949
    1879327959
    1879327933
  1879327991
    1879327891
    1879327893
    1879327892
    1879327896
  1879327993
    1879327720
      1879327721
    1879327725
      1879327723
    1879327724
      1879327718
    1879327716
      1879327706
    1879327719
      1879327722
1879329691
  1879329673
    1879328985
    1879329671
    1879329672
    1879329670
    1879329669
  1879329692
    1879329674
    1879329690
1879330424
1879330283
1879332151
  1879332149
    1879332157
    1879332161
    1879332147
  1879332143
    1879332142
    1879332150
    1879332160
  1879332144
    1879332155
      1879332158
    1879332159
      1879332145
    1879332153
      1879332154
    1879332156
      1879332152
    1879332148
      1879332146
1879332082
1879332083
1879334733
1879338888
  1879338879
    1879338667
    1879338699
    1879338629
    1879338697
  1879338877
    1879338691
    1879338695
    1879338689
    1879338693
  1879338884
    1879338674
      1879338675
    1879338672
      1879338673
    1879338670
      1879338669
    1879338671
      1879338668
1879340035
  1879340037
    1879340036
      1879340019
1879342493
  1879342486
    1879342484
    1879342489
    1879342483
    1879342488
  1879342496
    1879342498
    1879342494
    1879342479
  1879342495
    1879342478
      1879342492
    1879342497
      1879342481
    1879342487
      1879342490
    1879342485
      1879342480
    1879342482
      1879342491
  1879342448
    1879342454
      1879342453
    1879342447
      1879342451
    1879342452
      1879342455
1879342446
  1879342450
    1879342449
  1879342456
  1879342445
1879341961
1879354764
  1879354727
    1879354750
    1879354760
    1879354741
    1879354742
    1879354726
    1879354722
  1879354738
    1879354754
      1879354753
        1879354763
    1879354737
      1879354736
        1879354734
    1879354724
      1879354723
        1879354720
    1879354757
      1879354759
        1879354762
    1879354733
      1879354731
        1879354739
    1879354747
      1879354746
        1879354744
  1879354749
    1879354748
      1879354745
    1879354732
      1879354740
    1879354752
      1879354751
    1879354756
      1879354755
    1879354729
      1879354725
    1879354765
      1879354728
1879354735
1879354761
  1879354758
1879354730
1879353373
1879353726
1879354918
1879354721
1879366621
1879354322
  1879354319
    1879354252
      1879354250
    1879354253
      1879354251
    1879354320
      1879354317
  1879354321
    1879354281
    1879354282
    1879354318
    1879354867
    1879354879
  1879354326
1879354853
  1879354866
    1879354876
      1879354872
    1879354852
      1879354860
    1879354861
      1879354864
    1879354870
      1879354873
  1879354878
    1879354885
    1879354851
    1879354858
    1879354869
  1879354875
1879356162
  1879356158
    1879356152
      1879356151
    1879356160
      1879356159
    1879356161
      1879356157
    1879356156
      1879356155
  1879356142
    1879356135
    1879356136
    1879356133
    1879354855
    1879354868
  1879356134
1879356154
1879354865
  1879354862
    1879354888
      1879354856
    1879354886
      1879354883
    1879354881
      1879354877
    1879354857
      1879354887
  1879354859
    1879354880
    1879354874
    1879354871
    1879354882
    1879354889
  1879354863
1879353982
  1879353981
    1879353880
      1879353881
    1879353878
      1879353876
    1879353877
      1879353875
    1879353983
  1879353980
    1879353967
    1879353947
    1879353886
    1879354884
    1879354854
  1879353879
1879354917
  1879354922
  1879354920
    1879354916
    1879354919
  1879354921
1879395368
  1879395356
    1879395369
  1879395344
    1879395370
    1879395350
    1879395353
    1879395373
    1879395366
    1879395358
    1879395363
    1879395341
    1879395348
    1879395351
  1879395355
    1879395375
    1879395342
    1879395371
    1879395365
    1879395362
  1879395374
    1879395357
      1879395361
        1879395354
    1879395364
      1879395367
    1879395345
      1879395352
    1879395372
      1879395343
    1879395349
      1879395346
    1879395359
      1879395360
1879395347
1879396725
1879394421
1879398819
